,x,y,z,roll,pitch,yaw,success
0,0.5313845532546873,0.2915624227749172,0.5832341690446494,3.141592653589793,0.8788671380326243,-2.639760049754433,True
1,0.31445712631203293,-0.16071802011741232,0.14067697645062155,3.141592653589793,0.6552818827344389,2.669107092473172,True
2,-0.06833394663512216,0.14523854432522754,0.24512370193819805,3.141592653589793,1.2348505292684606,-1.13103042924198,True
3,-0.5351516422131333,0.7054380967584671,0.33921290995622644,3.141592653589793,0.47912483877326834,-0.9218082296891209,True
4,0.2797100616800008,-0.22995386428319262,0.10952485520883812,3.141592653589793,0.5767238546449598,2.453511607557736,True
5,0.3953100168112442,-0.013633218330713626,0.3105606130120192,3.141592653589793,0.8570871001823206,3.1071189074842236,True
6,0.4111400764765504,-0.0948605242495465,0.07330212143933623,3.141592653589793,0.4259596634518191,2.9148352689385755,False
7,-0.10158186094035955,-0.8461856973481761,0.23392480151897566,3.141592653589793,0.3900430253265501,1.4513212936153008,False
8,0.4206274074975723,-0.11762180029642276,0.5749795985430693,3.141592653589793,1.0393842262385142,2.868923207236878,True
9,0.28184850189446986,-0.4407490604304589,0.1039922677265756,3.141592653589793,0.39949898464889083,2.1397377825275465,True
10,-0.6024611243818303,0.1413662269350207,0.16049534745460203,3.141592653589793,0.4228888412278554,-0.23047824445004964,False
11,-0.08862491629260294,0.05658990844426051,0.017226205088177626,3.141592653589793,1.0635308361724156,-0.5682715748238325,False
12,0.44096450848305063,-0.12366977225839162,0.10119541272941084,3.141592653589793,0.4486198450409377,2.8681640320590756,False
13,0.5618614924370922,0.37328548719511156,0.49161002615694516,3.141592653589793,0.7503851984654764,-2.5551798004131765,False
14,-0.5370757831041806,-0.2504378717909343,0.0363536906937684,3.141592653589793,0.2419187546959558,0.43632515718164944,False
15,-0.4306061635360495,-0.04147407998635752,0.016990445149040787,3.141592653589793,0.28961153569488624,0.09601939132707506,False
16,0.2692305079384346,-0.12091976861490852,0.457858782988654,3.141592653589793,1.1418445229503018,2.7194616193526353,True
17,0.040203960814685816,-0.34286939788936344,0.6305838508368529,3.141592653589793,1.1750626127069368,1.6875206764266213,True
18,-0.13555956998013216,0.03840125393486245,0.060646122442087946,3.141592653589793,1.010006897871243,-0.2760472317926184,True
19,-0.0443196516553076,0.4745114740904038,0.2834953870899506,3.141592653589793,0.7207606910217669,-1.4776659226113478,True
20,0.5883395735666235,-0.43090423852502513,0.34915725879647375,3.141592653589793,0.5775344688060805,2.5094462296554774,True
21,0.01587455776314442,0.1732192085004643,0.9592595831645996,3.141592653589793,1.445012297566402,-1.6621853749608984,True
22,-0.8456250327917938,0.11927329410930877,0.45543336288925407,3.141592653589793,0.5987849791925576,-0.14012315391284205,True
23,-0.10368849943294145,-0.5365589321022266,0.6600660875237616,3.141592653589793,0.9829985721640482,1.3799022164939028,True
24,-0.2466654036176469,-0.13430609749001093,0.25194654507524117,3.141592653589793,0.9706420502953357,0.49860070507550364,True
25,-0.11559816745947005,0.42089851989685984,0.14491952707789718,3.141592653589793,0.5533531036162177,-1.3027590963381006,True
26,-0.33348322143395664,-0.2932832942884028,0.599216229982457,3.141592653589793,1.0467591393868765,0.7213472967416976,True
27,0.13930542752009764,0.7918360492217702,0.5001917252255951,3.141592653589793,0.6658954102448411,-1.7449414121000228,True
28,0.34645130737751656,0.26414978047402143,0.061012927625935,3.141592653589793,0.3864773592615703,-2.490174729330754,True
29,-0.11458020893081566,-0.2630448160366444,0.5593113072563987,3.141592653589793,1.2124579296804734,1.1599885029260366,True
30,-0.056393822981984865,-0.23869631213008202,0.5586919123607086,3.141592653589793,1.2687050365191368,1.3387928964695897,True
31,0.05976968325826454,0.0779756441798267,0.1322917947640797,3.141592653589793,1.3251096346168023,-2.22478499600818,False
32,0.42522834826973427,-0.3832374280901653,0.3598932801904203,3.141592653589793,0.7124187337920731,2.4080868810702882,True
33,-0.5775743784658802,-0.3832842674492303,0.16928528377075705,3.141592653589793,0.39103720563721467,0.5858836245101854,True
34,0.2624980321368303,-0.1968289569355801,0.06347837565516501,3.141592653589793,0.516137576391871,2.4982002134643424,True
35,0.5718754968885587,-0.20277079859384212,0.27067801048816875,3.141592653589793,0.579203084014018,2.800850976491753,True
36,-0.12581300499947565,0.24883228798608859,0.3773880817896963,3.141592653589793,1.1069201517568508,-1.102667877743513,True
37,0.004172735009784906,-0.1432793093067412,0.06936047929962763,3.141592653589793,1.0229265119723872,1.5999111789170983,True
38,-0.24146701752360464,-0.36136678576243825,0.08808841195500478,3.141592653589793,0.44478140701794433,0.9817296238090991,True
39,-0.5488762923021313,-0.23068386953477926,0.21189280026047452,3.141592653589793,0.5116918710312782,0.39786929775983876,True
40,-0.4672184389830364,-0.1723573696686616,0.25841790420587574,3.141592653589793,0.6640274226326951,0.3534129480858306,True
41,0.5119290807995196,0.1390929642691803,0.3500708558351743,3.141592653589793,0.7424524818200763,-2.876293672944014,True
42,0.2191924124087014,-0.43319866546233343,0.25431859913767485,3.141592653589793,0.6718899668439714,2.0392211731766006,True
43,0.07808906945537653,-0.21264518465689347,0.24132704146515752,3.141592653589793,1.0706558400214914,1.922735026095006,True
44,0.01507309017241007,0.32228009200943797,0.1809894194576583,3.141592653589793,0.7824831577596136,-1.6175324250429544,True
45,0.27081095782784353,0.5846309282464287,0.053693441782998313,3.141592653589793,0.24904973430419539,-2.0045869511865844,False
46,0.344688546666286,-0.08375050741103257,0.4332926305682627,3.141592653589793,1.0376584328119927,2.9032371318618715,True
47,-0.21663057126035887,0.2865225029126498,0.1151739072557284,3.141592653589793,0.5931350713893793,-0.9234228280759555,True
48,-0.5901435654103055,0.3584696701434353,0.10929756468314768,3.141592653589793,0.3112950485198466,-0.5458633024310187,False
49,0.85003476323323,-0.006876759086692202,0.10964722058783109,3.141592653589793,0.2532472139335418,3.1335028561281133,False
50,-0.42092918806484875,-0.23958913802695697,0.30116550966735367,3.141592653589793,0.7343799922669103,0.5174577622083091,False
51,-0.006476611265355937,-0.7881179796254218,0.16024717501987057,3.141592653589793,0.33476422542719364,1.562578692323085,False
52,-0.6684113497835498,0.029793177402854934,0.22547136796935777,3.141592653589793,0.4774554160361037,-0.04454363355838846,False
53,-0.04425150453605947,-0.27851214963773685,0.20359244884650235,3.141592653589793,0.8978016967317143,1.4132280658528718,True
54,-0.39279782006551517,0.2832645572256566,0.1428158126983203,3.141592653589793,0.5001794261996816,-0.6247773520542073,True
55,0.5255619360509716,-0.35002090661363755,0.1744948776619642,3.141592653589793,0.4345210528297444,2.5540561366193923,True
56,0.34757295416344064,-0.469882046053651,0.5376148125401652,3.141592653589793,0.8640397985299392,2.207674436844295,True
57,-0.1674188545579506,-0.32391427589422844,0.33420497497198487,3.141592653589793,0.9288170173278035,1.0937506014569751,True
58,-0.2811375045454453,-0.22580119941423546,0.5239282883445409,3.141592653589793,1.0961511048277848,0.6766708604435718,True
59,-0.0945459678499829,-0.7123956057856226,0.3370094278885344,3.141592653589793,0.5721081520963784,1.4388518452764847,True
60,0.0351681046019143,-0.6529571002149248,0.13725303329925626,3.141592653589793,0.3687852626630308,1.6246040847546173,False
61,-0.2946474450572731,-0.4794948467761717,0.43381044108516265,3.141592653589793,0.7958280136011122,1.019786465630138,True
62,0.47496197414729235,0.0748314942313903,0.55550919311952,3.141592653589793,0.9787757337273673,-2.9853246081622378,True
63,0.25819636629987464,0.5891326173806971,0.24461892842699423,3.141592653589793,0.5190424605453753,-1.983848913798991,True
64,-0.047935277622596584,-0.5053656857990684,0.7057178553927885,3.141592653589793,1.0449175942033297,1.4762266088017364,True
65,-0.06424759796212567,0.7557785467358298,0.17548628025412227,3.141592653589793,0.36612881623910426,-1.4859917167020744,False
66,-0.21748086609077258,0.4062170655065134,0.11001327087282153,3.141592653589793,0.4629393232514881,-1.079246214527768,True
67,0.41815621651986146,-0.07653378192011816,0.021897452282249208,3.141592653589793,0.3065544473405968,2.960569489181643,False
68,0.19441943907499415,-0.5626998869370765,0.49740132481348376,3.141592653589793,0.821869793730551,1.903467149182237,True
69,-0.21297715526629535,0.44615764122299445,0.1874617069802277,3.141592653589793,0.5640743562224969,-1.1254254022229546,True
70,0.15389245071802168,-0.008272851048144292,0.23105189797596484,3.141592653589793,1.2388480177190342,3.087886992977063,True
71,-0.5120028526865569,0.07117617728065234,0.031203473125674952,3.141592653589793,0.2684611324873751,-0.13812993895947212,False
72,0.24157800830322732,0.6948571069355358,0.09151841236555319,3.141592653589793,0.2686517180486626,-1.905390113078489,False
73,-0.21850883004535418,0.15536749678689388,0.39227198496980975,3.141592653589793,1.1368629361324372,-0.6180938900153524,True
74,-0.1374619122652373,-0.43495840022763776,0.21312566916725834,3.141592653589793,0.6450425615008266,1.264694555636732,True
75,-0.15740878031177274,0.5066304697457871,0.033709704898183146,3.141592653589793,0.2661218713169497,-1.2695545074097392,False
76,-0.23361085637682524,-0.23801753408390222,0.09218023380508278,3.141592653589793,0.5797239942997157,0.7947414293375498,False
77,0.7512881307430483,-0.011777012726361558,0.2574973589831635,3.141592653589793,0.4656778094888439,3.125918177002618,False
78,0.23102958484480307,-0.302279520567031,0.3384149391733355,3.141592653589793,0.9105101568990379,2.2233812544750142,True
79,0.37905235394963266,0.16210113737552614,0.11300277591521818,3.141592653589793,0.5197197452871639,-2.737480917376678,True
80,0.6369977172630146,0.46454114130042484,0.026446593777292617,3.141592653589793,0.16737659852507775,-2.5114935216829526,False
81,-0.4443213381439227,0.1848013936167482,0.1500820474133616,3.141592653589793,0.5156471205195453,-0.3941533233220028,True
82,0.05829653980146344,-0.524027365042134,0.5399894087905656,3.141592653589793,0.920066629337257,1.6815879049513696,True
83,0.2845204287885461,-0.34847056772029605,0.02319394470913129,3.141592653589793,0.2919776798515932,2.2555076123329725,False
84,0.4412859340728005,-0.5952585162970063,0.261476972774711,3.141592653589793,0.4761020951629216,2.2087286902462853,True
85,-0.12894084190073798,-0.14369462393875765,0.35498434760529013,3.141592653589793,1.2462730631475019,0.8394608481675556,False
86,0.2507114988460184,0.7308554606363705,0.20964235586962734,3.141592653589793,0.39985872297493336,-1.9012558774484174,False
87,0.10103324755660203,0.039267431625129356,0.1920560560656438,3.141592653589793,1.3407547528994752,-2.770901493531186,False
88,-0.8526095271425199,-0.20342375801556017,0.48425856958990465,3.141592653589793,0.6096660294019193,0.2342109601694055,True
89,0.2682411500768028,0.04658791500570126,0.28234108205389696,3.141592653589793,1.0249098566501067,-2.9696288022947,True
90,-0.0752740785510881,-0.27270173905603645,0.5296637189888516,3.141592653589793,1.2026244475277044,1.301472044305794,True
91,-0.3945192825934801,0.15590013108885428,0.19079299650304207,3.141592653589793,0.6478823897967281,-0.37633115902376996,True
92,0.3304045895366924,0.37556234094907387,0.0758502311786913,3.141592653589793,0.364985261085733,-2.2923157011356943,True
93,0.047099014005602347,-0.06471116260390913,0.19498328616261068,3.141592653589793,1.4358957832769716,2.1999599177659794,False
94,-0.26508263300571744,-0.18528390201493755,0.31477240314658284,3.141592653589793,0.9713606646132317,0.6100320586738217,True
95,-0.44150124534476853,-0.13683467721315334,0.18487731731877122,3.141592653589793,0.5935527620989238,0.30054221152862626,True
96,-0.22942073184204936,-0.18993956254811217,0.14420852345814605,3.141592653589793,0.7582458270626715,0.6915286695343553,False
97,-0.321249944898838,0.15157603571489486,0.7486569549880016,3.141592653589793,1.2151621731997222,-0.4408604417931351,True
98,-0.3617803382127416,-0.24746888025929464,0.5432510892398076,3.141592653589793,1.0163555643685833,0.5999277595914023,True
99,-0.2603383848432195,0.24665586786560723,0.09644354524759963,3.141592653589793,0.5524826843364797,-0.7584171935403958,True
100,0.654368510268587,-0.2950782801222207,0.16854236296115502,3.141592653589793,0.3772122454063684,2.717960670579895,False
101,-0.27208677666601333,0.2304730405945476,0.6669193964589246,3.141592653589793,1.179309625265314,-0.7027830859334504,True
102,-0.6560350356661894,-0.5701797045021131,0.44146246839014214,3.141592653589793,0.5784838708928791,0.715495688019242,False
103,0.2335538731012965,-0.562891243632938,0.491281820669899,3.141592653589793,0.8042300545802075,1.964096782507951,True
104,0.1534041827780304,-0.5113150901601338,0.3164892095311719,3.141592653589793,0.7006402270759201,1.8622704460535286,True
105,-0.21832364404693266,-0.45126188286169744,0.0012407034493761016,3.141592653589793,0.21604267948032765,1.1201868588507546,False
106,0.10709562158859037,0.007787888015262812,0.47992942115731496,3.141592653589793,1.4551310951188403,-3.069001415049402,True
107,-0.01894607632617906,-0.29813625035250346,0.09929831868775749,3.141592653589793,0.6563493543374471,1.5073332826395036,True
108,-0.08673295556001592,-0.02231285280799955,0.6114446487005925,3.141592653589793,1.5012517011022568,0.25179911793735754,False
109,0.5621149871176473,-0.6731731900204914,0.3217960166189774,3.141592653589793,0.4667912061402025,2.266530859170465,True
110,0.4435836777367228,-0.64176342758067,0.045843481184258336,3.141592653589793,0.1945546081154079,2.1755884243523096,False
111,0.29998335029427203,-0.10340910580266158,0.12561796595624752,3.141592653589793,0.6829817113496093,2.8096327826857657,True
112,-0.08109773292470737,0.25042131236434495,0.17543435527746892,3.141592653589793,0.8897163832428725,-1.2576092846338334,True
113,0.235943291547432,-0.11106393463394564,0.48426098164602777,3.141592653589793,1.2095090214369972,2.7016397429524006,True
114,0.5637927522665683,0.053099473781040185,0.14805828813537308,3.141592653589793,0.44045447899924123,-3.0476870472715434,False
115,0.47914846535513456,0.10075325359840775,0.47248145530006025,3.141592653589793,0.9050215131246665,-2.9343364695326835,True
116,0.5354709907688853,-0.23628202260516504,0.12619794039568494,3.141592653589793,0.3932210907369084,2.7260304937435014,False
117,0.11979722149437529,0.2163062254987352,0.6652271893173203,3.141592653589793,1.3062890498620672,-2.0765764996676133,True
118,0.34012088236300125,0.09479972972695469,0.5621725170025957,3.141592653589793,1.1291320596975263,-2.8697679123230486,True
119,0.5736604373006826,-0.1734660006371329,0.28953040594845136,3.141592653589793,0.6083351917188964,2.84794972078904,True
120,-0.4092000519929727,0.2505925232166656,0.44190194276833267,3.141592653589793,0.8889920492365485,-0.5494844678758065,True
121,-0.4053955688388301,0.4784405377867711,0.39385844699221095,3.141592653589793,0.6993552641157472,-0.8678561454823815,False
122,-0.36507588093603466,-0.3975240355709088,0.033927366190422886,3.141592653589793,0.26184753866498867,0.8279218947247428,False
123,0.15389106350192133,-0.40530071358006114,0.053489554619692195,3.141592653589793,0.3718815816288052,1.9336776766503825,True
124,0.12887694534152144,-0.1906911128963706,0.15175246287196847,3.141592653589793,0.9238900063894246,2.1651237893705493,True
125,-0.3562450931680502,0.24425072803745856,0.16545952229729446,3.141592653589793,0.5953299005766655,-0.6010133770426527,True
126,-0.12317810384983119,-0.0786591713151155,0.19720687686582744,3.141592653589793,1.227755460633314,0.5683057273135597,True
127,0.26094682287618,0.35204069081836564,0.5040271518832284,3.141592653589793,0.9879428246147716,-2.2086677539608472,True
128,0.25184843482189617,0.06342335848923425,0.18977618804857643,3.141592653589793,0.9220604478751656,-2.8948910096540272,True
129,-0.08556906672277759,-0.3187650870633665,0.297553468005488,3.141592653589793,0.9404871819466756,1.3085397480553147,True
130,0.15376852127858068,0.15683131628500926,0.5697355849587349,3.141592653589793,1.3087422687611912,-2.346333906350813,True
131,0.04694497762251884,0.41505294545005855,0.5020522532587844,3.141592653589793,1.0105066359217783,-1.6834236730692536,True
132,-0.011793142822397157,-0.48939509258785946,0.19281552382952538,3.141592653589793,0.5773384939598436,1.546703602737541,True
133,-0.6225491584774369,0.47441650483527187,0.7716827734171228,3.141592653589793,0.8651166929058054,-0.6511715746803565,True
134,-0.46664747528065553,-0.6957687542378085,0.10775606470451851,3.141592653589793,0.2547631943748993,0.9800111991465384,False
135,-0.48595748050192844,0.2653104557908833,0.3796894953500042,3.141592653589793,0.7512092366814993,-0.4997316111881507,True
136,0.10129346895953728,-0.4178193333836337,0.36343092859272086,3.141592653589793,0.8713266983867693,1.8086411462351906,True
137,0.21435441960960303,0.4763802459686516,0.1459946214994225,3.141592653589793,0.47157992713819546,-1.9936211155002608,True
138,0.47916488468752017,-0.23411121205569702,0.039200197364129774,3.141592653589793,0.2750314944118078,2.687121308750029,False
139,0.024320293467070427,0.16205607912842712,0.9278336237150515,3.141592653589793,1.4508583399857642,-1.7197579780986667,True
140,-0.19600182928294785,0.019453392606805064,0.6886079819499471,3.141592653589793,1.374323628825751,-0.09892708949906531,True
141,-0.2791677310680592,0.3384450901950175,0.18835935384782232,3.141592653589793,0.6261295970602458,-0.8810832580721271,True
142,-0.21349910153172696,-0.33371959522870054,0.35037703386248775,3.141592653589793,0.9016742528756987,1.0016562787835102,True
143,0.020000597438202455,-0.24437575917776766,0.49635401304152466,3.141592653589793,1.2394061054439545,1.6524579406078654,True
144,0.24678690040016366,0.5687629031727703,0.061041416176671144,3.141592653589793,0.2708370779889211,-1.9801821397718828,False
145,-0.35716367734465143,-0.2397808973880647,0.43444620235762066,3.141592653589793,0.9401683123494262,0.5912360975388292,True
146,-0.27008625790786533,-0.28932702556606316,0.07390596308792874,3.141592653589793,0.4546282354054792,0.8197791593931527,True
147,-0.5813846136373675,0.5210662292667709,0.4526305212356999,3.141592653589793,0.6409848402975674,-0.7307396680044711,True
148,-0.09602977297871232,-0.3539165073467765,0.21732208280072296,3.141592653589793,0.7708174312082379,1.3058410474640167,True
149,-0.5926193541943441,0.30669454162289655,0.08975394959064187,3.141592653589793,0.2937524582743607,-0.47756806251618084,False
150,0.1846235173991624,0.12064707043803827,0.20244698132773759,3.141592653589793,1.0326161817595225,-2.56277760324021,True
151,0.5705204211593948,0.12174654884370961,0.16116171313943925,3.141592653589793,0.44803750021200683,-2.931350509377225,True
152,-0.04160713894770114,-0.3287909701734154,0.5816340643543966,3.141592653589793,1.1667920073869393,1.4449195368373224,True
153,-0.5398116285521926,0.5807892352670586,0.2204322476579802,3.141592653589793,0.4023697666740847,-0.8219494081862313,True
154,-0.2375416541312605,0.6369411884749747,0.3389160357415636,3.141592653589793,0.6012863821808672,-1.2138317932277696,True
155,-0.03930503476626145,0.3097491856839255,0.5598047157178577,3.141592653589793,1.1794784387749386,-1.4445777920370435,True
156,-0.4095211768663906,-0.5129273235183935,0.2882210438230877,3.141592653589793,0.5620907122362649,0.8970317539568735,True
157,0.2639769955908451,0.39941651242901133,0.2542539827336166,3.141592653589793,0.6792284260487105,-2.1548005598196753,True
158,-0.06405284507184211,0.3715120878482514,0.5061545654950135,3.141592653589793,1.063394270268008,-1.40006363306514,True
159,-0.08987227570904169,0.6114114381118544,0.2846062433490972,3.141592653589793,0.587146081946456,-1.4248499820356488,True
160,0.13602524930294924,-0.10148224607428807,0.2738737986839351,3.141592653589793,1.2368541859161954,2.500621466145568,False
161,-0.016173503037299197,-0.03592038126240344,0.6418616213885786,3.141592653589793,1.5699789284744168,-1.9938662668687195,False
162,0.4694230029346662,-0.11351423055889989,0.26342131549446274,3.141592653589793,0.6870875633308956,2.904330808218146,True
163,0.04192645247319898,-0.1356877522624353,0.5761539979029043,3.141592653589793,1.4210466261580799,1.870482262275925,True
164,0.05112721053295545,0.0577665647951236,0.21925855891336493,3.141592653589793,1.45497707076532,-2.2952989488271958,False
165,-0.3598594637481394,0.278995367928375,0.19560580262086105,3.141592653589793,0.6185451191009269,-0.659491090698213,True
166,-0.4265724191971684,-0.5134390117958887,0.35238972730479823,3.141592653589793,0.624626206978332,0.8775465983627508,True
167,-0.11136674133845859,-0.3419780554968314,0.5896839307165553,3.141592653589793,1.1367890950225834,1.2559724401230274,True
168,0.21687801584529184,-0.04245089612142053,0.30972130575359175,3.141592653589793,1.1548259398104124,2.9483001654184076,True
169,0.10991209452049246,-0.5025685059377315,0.028818968358470143,3.141592653589793,0.2651223283315622,1.7861069972493326,False
170,0.2071177388196609,-0.1908330727599038,0.2291888406400576,3.141592653589793,0.9376049943688782,2.397092975286684,True
171,0.13858463488453154,0.1695975635226088,0.6751372391578238,3.141592653589793,1.3438253693153288,-2.2559003346551503,True
172,0.30259219249683317,0.5059555305114805,0.196229520419405,3.141592653589793,0.4944002481651254,-2.109788758460352,True
173,-0.0964792104167829,-0.6006599754483657,0.7827961813517232,3.141592653589793,0.9987801369172609,1.41153464303522,True
174,-0.01930706997740836,0.08368706891322765,0.6915962547228729,3.141592653589793,1.512895556095534,-1.3440579551083032,False
175,0.13143647339725467,-0.15499155980830254,0.8073098570678288,3.141592653589793,1.3928067873547691,2.274141767580638,True
176,0.21548882040770345,-0.1582653473754206,0.33794977291155703,3.141592653589793,1.0919426024995387,2.5081193055027247,True
177,-0.4477223578154923,0.3449086534397104,0.37354420530680604,3.141592653589793,0.7337517374613335,-0.6564064446964921,True
178,0.5852479632214912,0.19786379946814525,0.2436469853409085,3.141592653589793,0.5365579454873279,-2.815571341812862,True
179,-0.4259916979804307,-0.012669346825752575,0.20996750545369414,3.141592653589793,0.676354841435711,0.02973206625730413,True
180,-0.03865593007189863,0.42075605676463435,0.6904069024370331,3.141592653589793,1.1200600832627423,-1.4791809652224426,True
181,-0.2065121156225121,0.004586275467446804,0.26197300492546893,3.141592653589793,1.139531150378653,-0.022204613430722997,True
182,0.4218065865028941,-0.48555568660928466,0.14331351754425659,3.141592653589793,0.3834186575772635,2.286052144349409,True
183,-0.34779762898604305,-0.08036935143812506,0.6749115955442941,3.141592653589793,1.1825290283737206,0.22709463565098043,True
184,0.26078724456867153,-0.01068595819326082,0.4310914729777785,3.141592653589793,1.1764577721534435,3.100639793318216,True
185,-0.09797473704986398,-0.7071375145626534,0.16544448766478032,3.141592653589793,0.37523444509389975,1.4331216361218746,False
186,-0.09505159302983936,0.5278852921841831,0.10711902950858206,3.141592653589793,0.3952996182851175,-1.3926442312107725,True
187,-0.18837539636599904,0.3101157338109053,0.5256342922341333,3.141592653589793,1.0944074722710353,-1.0249272638329425,True
188,-0.5943060396950485,0.061141026450069,0.08679781175985019,3.141592653589793,0.3233376641218689,-0.10251735414721416,False
189,-0.3682981377438287,-0.1505134307524787,0.3946152461176697,3.141592653589793,0.9444555250120873,0.3879604969026706,True
190,0.10556787578091041,-0.004107420763298675,0.4864456605637354,3.141592653589793,1.4593186756188987,3.1027044029854283,True
191,-0.2661410174383499,-0.2496341898400649,0.050511803198493764,3.141592653589793,0.4338286076659173,0.7534051650603096,True
192,-0.33940103581328795,0.6800663314212505,0.1938074620791597,3.141592653589793,0.38741374228817604,-1.1078926039332562,True
193,-0.16154335177476525,-0.10478491535905267,0.17118221928052652,3.141592653589793,1.0583742639592435,0.5754248184227464,True
194,-0.01613992567215125,-0.35252129544327504,0.3339380215446364,3.141592653589793,0.9460827543903374,1.5250440203416162,True
195,-0.5035920523834008,0.3178506943294026,0.1552737064359866,3.141592653589793,0.4307499801630994,-0.563021738884362,True
196,0.05265738165003209,0.29352490559568134,0.39935869778055183,3.141592653589793,1.093574500108552,-1.7483047784035781,True
197,-0.4175924414315425,0.19535719406312008,0.010489751727796398,3.141592653589793,0.2566407773972041,-0.4375720494907392,False
198,-0.138507980950498,0.5606325344571272,0.22236573952450317,3.141592653589793,0.5402450148016857,-1.3285898132169687,False
199,-0.2547848517665061,0.11055866065415199,0.03362826916006062,3.141592653589793,0.5120714743874042,-0.4094096285932599,False
200,-0.5870183175864101,0.1427229098448661,0.3643458403111902,3.141592653589793,0.6886886461044427,-0.2385042462309843,False
201,0.5757982810331692,0.21962548188316164,0.14936994344295457,3.141592653589793,0.4084056590284956,-2.7771985792117735,True
202,-0.3554264238066854,0.045224387339055275,0.10681553155397883,3.141592653589793,0.5762111104804903,-0.12655972545665384,False
203,-0.32557523224960017,-0.19128192581675182,0.9269796248347382,3.141592653589793,1.253186340795244,0.5311924081751109,True
204,0.1719277615659025,-0.03296256383460239,0.4281863988897859,3.141592653589793,1.320456942109386,2.9521679438156507,True
205,-0.05075198168980165,0.18173487002953215,0.8429675388024392,3.141592653589793,1.41440260803222,-1.298470374518757,True
206,0.18200149424446402,-0.01042191838501233,0.19455308838680307,3.141592653589793,1.1207570118211656,3.0843923018826542,True
207,0.3313442406062188,0.17220066283505386,0.4756286793510325,3.141592653589793,1.0457914572393834,-2.662307015542278,True
208,-0.41522786754106555,-0.6271828153202945,0.10675870904769345,3.141592653589793,0.2825513457162289,0.9859950451401621,False
209,-0.42540810846450394,-0.11674603548235701,0.41480322087726035,3.141592653589793,0.9088650135452123,0.2678390254890244,True
210,-0.2634685229190945,0.058523559060670235,0.48917134355051517,3.141592653589793,1.1987733736537094,-0.21857851563526,True
211,0.3644675690249826,0.3832112816151665,0.46196341121062157,3.141592653589793,0.8548591767297804,-2.3311305373127067,True
212,0.2113013736446183,0.6060386549034436,0.16514510395858417,3.141592653589793,0.4149869388171865,-1.9062767900205968,False
213,0.27876691399174214,-0.13632897135196903,0.5192671156022266,3.141592653589793,1.1592163036641272,2.6867491099664553,True
214,0.2623438250098384,-0.04858810655390065,0.505181396712657,3.141592653589793,1.2122251384322107,2.9584600308364744,True
215,-0.10727919601607894,-0.35555025617933667,0.021370150767332813,3.141592653589793,0.35108114130381507,1.2777556665095116,False
216,-0.5201179911846203,0.31810168972060143,0.1288617069339356,3.141592653589793,0.38200230435903587,-0.548901818772485,True
217,-0.23246744862669055,-0.3158670586240349,0.17305222742153828,3.141592653589793,0.6594960571265499,0.9363375782040761,True
218,0.010990995467898113,-0.3840981637683656,0.3528436651916799,3.141592653589793,0.9207940327027996,1.5994035894352274,True
219,-0.2931311772733856,-0.3089471111633063,0.1683170886953806,3.141592653589793,0.6075897412648833,0.8116610228029298,False
220,-0.5011101302021591,-0.1465664208599072,0.2525235652443939,3.141592653589793,0.6313720018009132,0.28454669346694955,True
221,0.305422254414929,-0.2576994020634212,0.4898857731651748,3.141592653589793,1.0233230268233722,2.4407394412525414,True
222,0.03293772319012675,-0.11517758344662099,0.17603292275941151,3.141592653589793,1.2893907550600456,1.8493355122248496,False
223,-0.36207768578316557,-0.6691419418650766,0.22118538170839858,3.141592653589793,0.41917356703121683,1.0748060401510233,False
224,-0.19372149187369642,0.4227683141979208,0.008789484794883284,3.141592653589793,0.25057256406883455,-1.1411265472037764,False
225,0.32457249440842184,0.13307219515724944,0.03620493684407236,3.141592653589793,0.41303988237984424,-2.75250208920885,False
226,0.5697024288080276,-0.15433352542884204,0.24650848762216554,3.141592653589793,0.5620035247045505,2.87704030120121,True
227,-0.11324662875913799,0.5776390974495674,0.6720296419242152,3.141592653589793,0.9529647732286367,-1.3772009064473931,True
228,0.7745046682695496,0.02213705897811645,0.31248118655509605,3.141592653589793,0.511504509765309,-3.113018218083683,True
229,-0.04465730313499769,-0.3290900364328332,0.5027973241612871,3.141592653589793,1.1195570530214598,1.435920832837802,True
230,-0.004737582508369087,0.11917303131401649,0.3487756491886408,3.141592653589793,1.3959697081890585,-1.5310634349179586,True
231,-0.19272521885770313,-0.638891503623335,0.04384266947912918,3.141592653589793,0.22539827924764233,1.2778212989473032,False
232,0.01832333293071553,0.34202568047095866,0.39329547676833226,3.141592653589793,1.0206871321333653,-1.6243181363869819,True
233,0.5463150881769044,0.38312493607528275,0.10389196118904506,3.141592653589793,0.3142755497951146,-2.530001898560531,False
234,0.03179908204465611,-0.4557057706747823,0.05931557124253145,3.141592653589793,0.3650874814994864,1.6404632523106164,False
235,-0.3031127696966408,-0.0803797111313099,0.1523806139602244,3.141592653589793,0.7450969940265137,0.2592147344893949,True
236,-0.4420833539412684,0.49860350836801515,0.1546360648109501,3.141592653589793,0.3861224962051443,-0.8454099373319542,True
237,0.05643980034586232,0.724371568654031,0.16971810579701924,3.141592653589793,0.3743277508859409,-1.6485547657530546,False
238,-0.257782603085219,0.46035812307341734,0.3198909913079704,3.141592653589793,0.7109059906825351,-1.0603376813288656,False
239,-0.3856567766566747,0.14185760588697396,0.004127703783719683,3.141592653589793,0.273684275629826,-0.3524732393778399,False
240,-0.44219360633161836,-0.011574914268614522,0.5825281932306444,3.141592653589793,1.0381389488370316,0.026170147011702876,True
241,-0.12249440387866262,-0.39676447704064927,0.05686673316419834,3.141592653589793,0.3959608596866146,1.2713467187439167,False
242,0.21379124465759267,-0.042555081367398453,0.48232258712353043,3.141592653589793,1.2741665063256224,2.94511101835185,True
243,-0.41159189127103807,0.13737874918282736,0.08311255107867742,3.141592653589793,0.4351383513765553,-0.3221472708592819,False
244,0.25592648497665244,-0.4978753387135923,0.5222772711864156,3.141592653589793,0.8748855101037709,2.0456105933636435,True
245,0.0824819473913511,0.523192199010154,0.5053438290490158,3.141592653589793,0.8906606878091345,-1.7271607112990472,True
246,-0.11027914667991168,-0.12685009066544034,0.4892938076404627,3.141592653589793,1.356772491941434,0.8551662300685599,True
247,0.3150983211032102,0.37821792668051896,0.46107795399150586,3.141592653589793,0.8923564801824282,-2.2654046334511904,True
248,0.149780791766582,0.07317960436191084,0.46321518862840716,3.141592653589793,1.349518164273584,-2.6871243010111368,True
249,-0.2234126767446412,-0.564640034648597,0.3724086734288477,3.141592653589793,0.6944413989646876,1.194025892609238,True
250,-0.12841923810047606,-0.582180843517552,0.2614343029771594,3.141592653589793,0.5762738277266736,1.3536899371225044,True
251,0.4686990111526981,0.18194297957539615,0.3426509544525331,3.141592653589793,0.7631765092485546,-2.7713109768661366,True
252,-0.530307076519363,-0.14921470974788614,0.051964028855365496,3.141592653589793,0.28911008451096004,0.2742825087834232,False
253,-0.35640777465313156,0.3346620879642704,0.5562431112417687,3.141592653589793,0.9708565509487698,-0.7539418448117031,True
254,-0.0807999448515817,-0.2304492678185398,0.3447567584743456,3.141592653589793,1.1403709983894816,1.2335699613365871,True
255,0.07068172315441654,-0.1579733111486151,0.216364947659993,3.141592653589793,1.1726534673926348,1.991509531795242,True
256,0.16759676835181792,0.04000701282878967,0.2507494851894487,3.141592653589793,1.2100909314961052,-2.9072678385453337,True
257,-0.41876891653255455,-0.18201202717930293,0.27085435302004585,3.141592653589793,0.7273543481651511,0.41000399403401977,True
258,0.3718164198950336,0.12394524772030771,0.5332032471420882,3.141592653589793,1.0635151617820913,-2.819826508301169,True
259,0.08445836893562936,-0.320400427644651,0.28884840042227733,3.141592653589793,0.9277744867614122,1.828535850213151,True
260,-0.04903995785074616,-0.003908697009301659,0.3080970807642859,3.141592653589793,1.5482675561867902,0.07953618958822355,True
261,-0.040788492748039334,-0.11234402787193104,0.19465117339048238,3.141592653589793,1.3071997604673156,1.2225276264301188,False
262,-0.5939073639165957,-0.4103559479431609,0.061311993551875776,3.141592653589793,0.23229713187747822,0.6046213282558962,False
263,0.008359726655084582,-0.47280372362399103,0.6201199290597563,3.141592653589793,1.0295545904542809,1.5884756623209866,True
264,0.5495661264468905,0.2031903081166773,0.3466818806010559,3.141592653589793,0.6857461748689874,-2.787451485153523,True
265,0.42526617568917063,0.10231470827640582,0.3342268763759343,3.141592653589793,0.8296509517669891,-2.905490060637587,True
266,0.3293091230739871,0.48408513496112204,0.4267443574804538,3.141592653589793,0.767929382017181,-2.1681583358139696,True
267,0.43558202544270075,0.10080360352149169,0.6360199990559006,3.141592653589793,1.0655747746062012,-2.914173389247834,True
268,-0.10773277010001962,-0.3647721164377493,0.16960867599735382,3.141592653589793,0.6699387812976078,1.283617771846093,True
269,0.5551190803786266,0.39171077599021414,0.1824426435328843,3.141592653589793,0.4159516522686776,-2.5270956266035625,True
270,0.027566289148832634,-0.2747038585034926,0.25405429402282154,3.141592653589793,0.9827011924211358,1.6708106259601363,True
271,0.16029681987253705,0.37109809655801135,0.6390859185453115,3.141592653589793,1.1129066892591453,-1.9785411926730654,True
272,0.15955379116939467,-0.19845162646739004,0.25727997074177933,3.141592653589793,1.0298215114819114,2.2479675094791984,True
273,-0.24274685005148813,0.25268115619971876,0.5763778198807604,3.141592653589793,1.1405644597856086,-0.8054474437721536,True
274,-0.022294788852112085,0.9127309360102251,0.058615361675347394,3.141592653589793,0.17972876571271065,-1.5463747196358593,False
275,-0.23875745683235386,-0.1699877946724636,0.5225996969117079,3.141592653589793,1.1846964695651077,0.6187134495048352,True
276,0.2034117779533482,-0.14280953798773763,0.32810887616833995,3.141592653589793,1.1175110742628391,2.5294780172521523,True
277,-0.274650490447933,-0.05096639442783499,0.48069264872886697,3.141592653589793,1.1798497889618698,0.1834810976851676,True
278,0.46763520437326944,0.5552645606380886,0.10422309550825698,3.141592653589793,0.28936704691870424,-2.270735553217664,False
279,0.20714884520692217,-0.4953275239127809,0.45057914869198995,3.141592653589793,0.8366009054972564,1.9668981835015182,True
280,-0.578236183659355,-0.13689722550533806,0.20472870306046573,3.141592653589793,0.5027150069018523,0.23246941414496394,True
281,-0.4361001241981699,-0.08169717352624539,0.8233958007760167,3.141592653589793,1.1586578121754516,0.18518933933836207,True
282,0.264072655246442,0.3503607960908462,0.3345558787715172,3.141592653589793,0.8283608742744153,-2.216671650460379,True
283,-0.18752429368726659,0.5069529798896943,0.24444527423573054,3.141592653589793,0.602741298032559,-1.216500228204312,True
284,0.20131344795407835,-0.4509133000031766,0.32135896332070457,3.141592653589793,0.7483336326661166,1.990700078274684,True
285,0.1640806991112712,0.26767143177183195,0.5527820961311699,3.141592653589793,1.17344070005864,-2.1207147259506636,True
286,-0.8225005036923219,-0.3535253823688935,0.0029476182200353362,3.141592653589793,0.11979387282434668,0.40594430593865144,False
287,0.03577660963402288,0.056731138463523734,0.5335174780201148,3.141592653589793,1.5280925877227727,-2.133437116573078,False
288,-0.19633301321239666,0.6331907747221889,0.11933049580540056,3.141592653589793,0.3385395192685885,-1.2701274440227968,False
289,0.14112892083334366,-0.38484883933097846,0.39806856236026683,3.141592653589793,0.9319910825968787,1.9222816153078846,True
290,-0.11512620893162165,-0.5173845290992668,0.2898249666059181,3.141592653589793,0.6719902007533534,1.3518476791868566,False
291,0.29912064812298506,-0.7733426289285219,0.36635936826305077,3.141592653589793,0.5337348647522867,1.9398625449072515,True
292,-0.20446556849260258,0.34922706358854333,0.2593838316757349,3.141592653589793,0.7780841139126472,-1.0411214879152735,True
293,0.04437745962012585,0.5568168715759528,0.2109381756432978,3.141592653589793,0.540119827910631,-1.6503267051418715,False
294,-0.22615582954427516,0.2145571493159885,0.4819032457893405,3.141592653589793,1.1339092701057707,-0.7590862461032042,True
295,0.08983736633493708,0.37466172546742355,0.14677983189874308,3.141592653589793,0.6205368702974708,-1.8061357469119466,True
296,-0.5255880091081587,0.5625830019029876,0.05858646931360578,3.141592653589793,0.21394695301176864,-0.8193824811814728,False
297,-0.47897673501744675,-0.3021710212930536,0.03560014250096419,3.141592653589793,0.25215142709060007,0.562807766694746,False
298,-0.3954913530689813,0.09433285385838233,0.766892941914153,3.141592653589793,1.1707283667605715,-0.23414572985613172,True
299,0.10439560713390943,-0.824097036839909,0.21814404231650159,3.141592653589793,0.3825444284471387,1.6968039308785972,True
